A	DA	B	DB	R	subj
80	0	85	157	0	1
34	0	50	30	1	1
25	0	60	14	1	1
11	0	30	7	1	1
49	0	60	89	0	1
41	0	75	20	1	1
34	0	35	186	0	1
31	0	85	7	1	1
19	0	25	53	0	1
22	0	25	136	0	1
55	0	75	61	0	1
28	0	30	179	0	1
47	0	50	160	0	1
14	0	25	19	1	1
54	0	80	30	1	1
69	0	85	91	0	1
54	0	55	117	0	1
25	0	30	80	0	1
27	0	50	21	1	1
40	0	55	62	0	1
54	0	60	111	0	1
15	0	35	13	1	1
33	0	80	14	1	1
24	0	35	29	0	1
78	0	80	162	0	1
67	0	75	119	0	1
20	0	55	7	1	1
80	0	85	157	0	2
34	0	50	30	1	2
25	0	60	14	1	2
11	0	30	7	1	2
49	0	60	89	0	2
41	0	75	20	1	2
34	0	35	186	0	2
31	0	85	7	1	2
19	0	25	53	0	2
22	0	25	136	0	2
55	0	75	61	1	2
28	0	30	179	0	2
47	0	50	160	0	2
14	0	25	19	1	2
54	0	80	30	1	2
69	0	85	91	0	2
54	0	55	117	0	2
25	0	30	80	0	2
27	0	50	21	1	2
40	0	55	62	0	2
54	0	60	111	0	2
15	0	35	13	1	2
33	0	80	14	1	2
24	0	35	29	1	2
78	0	80	162	0	2
67	0	75	119	0	2
20	0	55	7	1	2
80	0	85	157	0	3
34	0	50	30	0	3
25	0	60	14	1	3
11	0	30	7	1	3
49	0	60	89	0	3
41	0	75	20	1	3
34	0	35	186	0	3
31	0	85	7	1	3
19	0	25	53	0	3
22	0	25	136	0	3
55	0	75	61	0	3
28	0	30	179	0	3
47	0	50	160	0	3
14	0	25	19	1	3
54	0	80	30	0	3
69	0	85	91	0	3
54	0	55	117	0	3
25	0	30	80	0	3
27	0	50	21	1	3
40	0	55	62	0	3
54	0	60	111	0	3
15	0	35	13	1	3
33	0	80	14	1	3
24	0	35	29	0	3
78	0	80	162	0	3
67	0	75	119	0	3
20	0	55	7	1	3
80	0	85	157	0	4
34	0	50	30	0	4
25	0	60	14	1	4
11	0	30	7	1	4
49	0	60	89	0	4
41	0	75	20	1	4
34	0	35	186	0	4
31	0	85	7	1	4
19	0	25	53	0	4
22	0	25	136	0	4
55	0	75	61	1	4
28	0	30	179	0	4
47	0	50	160	0	4
14	0	25	19	1	4
54	0	80	30	1	4
69	0	85	91	0	4
54	0	55	117	0	4
25	0	30	80	0	4
27	0	50	21	1	4
40	0	55	62	0	4
54	0	60	111	0	4
15	0	35	13	1	4
33	0	80	14	1	4
24	0	35	29	1	4
78	0	80	162	0	4
67	0	75	119	0	4
20	0	55	7	1	4
28	0	30	179	0	5
34	0	35	186	0	5
19	0	25	53	0	5
41	0	75	20	1	5
27	0	50	21	1	5
54	0	55	117	0	5
15	0	35	13	1	5
67	0	75	119	0	5
20	0	55	7	1	5
54	0	60	111	0	5
22	0	25	136	0	5
49	0	60	89	0	5
24	0	35	29	0	5
78	0	80	162	0	5
11	0	30	7	1	5
25	0	60	14	1	5
54	0	80	30	1	5
69	0	85	91	0	5
47	0	50	160	0	5
33	0	80	14	1	5
40	0	55	62	0	5
31	0	85	7	1	5
34	0	50	30	0	5
25	0	30	80	0	5
80	0	85	157	0	5
14	0	25	19	1	5
55	0	75	61	0	5
28	0	30	179	0	6
34	0	35	186	0	6
19	0	25	53	0	6
41	0	75	20	1	6
27	0	50	21	1	6
54	0	55	117	0	6
15	0	35	13	1	6
67	0	75	119	0	6
20	0	55	7	1	6
54	0	60	111	0	6
22	0	25	136	0	6
49	0	60	89	0	6
24	0	35	29	0	6
78	0	80	162	0	6
11	0	30	7	1	6
25	0	60	14	1	6
54	0	80	30	1	6
69	0	85	91	0	6
47	0	50	160	0	6
33	0	80	14	1	6
40	0	55	62	0	6
31	0	85	7	1	6
34	0	50	30	0	6
25	0	30	80	0	6
80	0	85	157	0	6
14	0	25	19	0	6
55	0	75	61	0	6
28	0	30	179	0	7
34	0	35	186	0	7
19	0	25	53	0	7
41	0	75	20	1	7
27	0	50	21	1	7
54	0	55	117	0	7
15	0	35	13	1	7
67	0	75	119	0	7
20	0	55	7	1	7
54	0	60	111	0	7
22	0	25	136	0	7
49	0	60	89	0	7
24	0	35	29	1	7
78	0	80	162	0	7
11	0	30	7	1	7
25	0	60	14	1	7
54	0	80	30	1	7
69	0	85	91	0	7
47	0	50	160	0	7
33	0	80	14	1	7
40	0	55	62	0	7
31	0	85	7	1	7
34	0	50	30	0	7
25	0	30	80	0	7
80	0	85	157	0	7
14	0	25	19	0	7
55	0	75	61	1	7
80	0	85	157	0	8
34	0	50	30	0	8
25	0	60	14	1	8
11	0	30	7	1	8
49	0	60	89	0	8
41	0	75	20	1	8
34	0	35	186	0	8
31	0	85	7	1	8
19	0	25	53	0	8
22	0	25	136	0	8
55	0	75	61	0	8
28	0	30	179	0	8
47	0	50	160	0	8
14	0	25	19	1	8
54	0	80	30	1	8
69	0	85	91	0	8
54	0	55	117	0	8
25	0	30	80	0	8
27	0	50	21	1	8
40	0	55	62	0	8
54	0	60	111	0	8
15	0	35	13	1	8
33	0	80	14	1	8
24	0	35	29	0	8
78	0	80	162	0	8
67	0	75	119	0	8
20	0	55	7	1	8
80	0	85	157	0	9
34	0	50	30	1	9
25	0	60	14	1	9
11	0	30	7	1	9
49	0	60	89	0	9
41	0	75	20	1	9
34	0	35	186	0	9
31	0	85	7	1	9
19	0	25	53	1	9
22	0	25	136	0	9
55	0	75	61	1	9
28	0	30	179	0	9
47	0	50	160	0	9
14	0	25	19	1	9
54	0	80	30	1	9
69	0	85	91	1	9
54	0	55	117	0	9
25	0	30	80	0	9
27	0	50	21	1	9
40	0	55	62	1	9
54	0	60	111	0	9
15	0	35	13	1	9
33	0	80	14	1	9
24	0	35	29	1	9
78	0	80	162	0	9
67	0	75	119	0	9
20	0	55	7	1	9
80	0	85	157	0	10
34	0	50	30	1	10
25	0	60	14	1	10
11	0	30	7	1	10
49	0	60	89	0	10
41	0	75	20	1	10
34	0	35	186	0	10
31	0	85	7	1	10
19	0	25	53	0	10
22	0	25	136	0	10
55	0	75	61	1	10
28	0	30	179	0	10
47	0	50	160	0	10
14	0	25	19	1	10
54	0	80	30	1	10
69	0	85	91	0	10
54	0	55	117	0	10
25	0	30	80	0	10
27	0	50	21	1	10
40	0	55	62	0	10
54	0	60	111	0	10
15	0	35	13	1	10
33	0	80	14	1	10
24	0	35	29	1	10
78	0	80	162	0	10
67	0	75	119	0	10
20	0	55	7	1	10
80	0	85	157	0	11
34	0	50	30	1	11
25	0	60	14	1	11
11	0	30	7	1	11
49	0	60	89	0	11
41	0	75	20	1	11
34	0	35	186	0	11
31	0	85	7	1	11
19	0	25	53	0	11
22	0	25	136	0	11
55	0	75	61	0	11
28	0	30	179	0	11
47	0	50	160	0	11
14	0	25	19	1	11
54	0	80	30	1	11
69	0	85	91	0	11
54	0	55	117	0	11
25	0	30	80	0	11
27	0	50	21	1	11
40	0	55	62	0	11
54	0	60	111	0	11
15	0	35	13	1	11
33	0	80	14	1	11
24	0	35	29	0	11
78	0	80	162	0	11
67	0	75	119	0	11
20	0	55	7	1	11
80	0	85	157	0	12
34	0	50	30	1	12
25	0	60	14	1	12
11	0	30	7	1	12
49	0	60	89	0	12
41	0	75	20	1	12
34	0	35	186	0	12
31	0	85	7	1	12
19	0	25	53	1	12
22	0	25	136	0	12
55	0	75	61	1	12
28	0	30	179	0	12
47	0	50	160	0	12
14	0	25	19	1	12
54	0	80	30	1	12
69	0	85	91	0	12
54	0	55	117	0	12
25	0	30	80	0	12
27	0	50	21	1	12
40	0	55	62	0	12
54	0	60	111	0	12
15	0	35	13	1	12
33	0	80	14	1	12
24	0	35	29	0	12
78	0	80	162	0	12
67	0	75	119	0	12
20	0	55	7	1	12
80	0	85	157	0	13
34	0	50	30	0	13
25	0	60	14	1	13
11	0	30	7	1	13
49	0	60	89	0	13
41	0	75	20	1	13
34	0	35	186	0	13
31	0	85	7	1	13
19	0	25	53	0	13
22	0	25	136	0	13
55	0	75	61	0	13
28	0	30	179	0	13
47	0	50	160	0	13
14	0	25	19	0	13
54	0	80	30	1	13
69	0	85	91	0	13
54	0	55	117	0	13
25	0	30	80	0	13
27	0	50	21	1	13
40	0	55	62	0	13
54	0	60	111	0	13
15	0	35	13	1	13
33	0	80	14	1	13
24	0	35	29	0	13
78	0	80	162	0	13
67	0	75	119	0	13
20	0	55	7	1	13
80	0	85	157	0	14
34	0	50	30	1	14
25	0	60	14	1	14
11	0	30	7	1	14
49	0	60	89	0	14
41	0	75	20	1	14
34	0	35	186	0	14
31	0	85	7	1	14
19	0	25	53	0	14
22	0	25	136	0	14
55	0	75	61	0	14
28	0	30	179	0	14
47	0	50	160	0	14
14	0	25	19	1	14
54	0	80	30	1	14
69	0	85	91	0	14
54	0	55	117	0	14
25	0	30	80	0	14
27	0	50	21	1	14
40	0	55	62	0	14
54	0	60	111	0	14
15	0	35	13	1	14
33	0	80	14	1	14
24	0	35	29	1	14
78	0	80	162	0	14
67	0	75	119	0	14
20	0	55	7	1	14
80	0	85	157	0	15
34	0	50	30	1	15
25	0	60	14	1	15
11	0	30	7	1	15
49	0	60	89	0	15
41	0	75	20	1	15
34	0	35	186	0	15
31	0	85	7	1	15
19	0	25	53	0	15
22	0	25	136	0	15
55	0	75	61	0	15
28	0	30	179	0	15
47	0	50	160	0	15
14	0	25	19	1	15
54	0	80	30	1	15
69	0	85	91	0	15
54	0	55	117	0	15
25	0	30	80	0	15
27	0	50	21	1	15
40	0	55	62	0	15
54	0	60	111	0	15
15	0	35	13	1	15
33	0	80	14	1	15
24	0	35	29	0	15
78	0	80	162	0	15
67	0	75	119	0	15
20	0	55	7	1	15
